0.035861258083480306 0.046443268665490894 0.0411522633744856 0.08877131099353322 0.019988242210464434 0.035861258083480306 0.019988242210464434 0.08348030570252793 0.0411522633744856 0.035861258083480306 0.025279247501469725 0.025279247501469725 0.25279247501469726 0.035861258083480306 0.10464432686654909 0.025279247501469725 0.051734273956496185 0.030570252792475015 
0.013687600644122383 0.035426731078905 0.020933977455716585 0.024557165861513686 0.0499194847020934 0.035426731078905 0.17310789049919484 0.13687600644122383 0.06078904991948471 0.14049919484702095 0.013687600644122383 0.010064412238325281 0.07890499194847021 0.071658615136876 0.013687600644122383 0.013687600644122383 0.013687600644122383 0.09339774557165861 
0.026792750197005517 0.05516154452324665 0.10480693459416865 0.04806934594168637 0.04097714736012608 0.0338849487785658 0.04097714736012608 0.06934594168636722 0.0338849487785658 0.16863672182821118 0.019700551615445233 0.04097714736012608 0.019700551615445233 0.04806934594168637 0.026792750197005517 0.06934594168636722 0.04097714736012608 0.11189913317572893 
0.03654970760233918 0.049707602339181284 0.049707602339181284 0.049707602339181284 0.1023391812865497 0.049707602339181284 0.049707602339181284 0.07602339181286549 0.03654970760233918 0.03654970760233918 0.049707602339181284 0.03654970760233918 0.06286549707602339 0.049707602339181284 0.03654970760233918 0.049707602339181284 0.1023391812865497 0.07602339181286549 
0.05638474295190713 0.05638474295190713 0.04145936981757877 0.04145936981757877 0.07131011608623548 0.05638474295190713 0.04145936981757877 0.04145936981757877 0.04145936981757877 0.1011608623548922 0.13101160862354894 0.04145936981757877 0.05638474295190713 0.05638474295190713 0.04145936981757877 0.04145936981757877 0.04145936981757877 0.04145936981757877 
0.019034971226206284 0.011066843736166445 0.019034971226206284 0.40548915449313855 0.04692341744134573 0.023019034971226204 0.11066843736166446 0.06285967242142541 0.03895528995130589 0.05489154493138557 0.011066843736166445 0.011066843736166445 0.06285967242142541 0.015050907481186366 0.04293935369632581 0.03497122620628597 0.015050907481186366 0.015050907481186366 
0.07376283846872082 0.031746031746031744 0.04855275443510738 0.04014939309056956 0.15779645191409897 0.02334267040149393 0.031746031746031744 0.02334267040149393 0.02334267040149393 0.031746031746031744 0.20821661998132587 0.02334267040149393 0.05695611577964519 0.08216619981325865 0.031746031746031744 0.04014939309056956 0.02334267040149393 0.04855275443510738 
0.02437880918893577 0.02437880918893577 0.1256446319737459 0.049695264885138306 0.015939990623534926 0.02015939990623535 0.07923112986404127 0.04547585560243789 0.04125644631973746 0.2058134083450539 0.02015939990623535 0.02437880918893577 0.02015939990623535 0.04125644631973746 0.04125644631973746 0.015939990623534926 0.02437880918893577 0.18049695264885138 
0.03567251461988304 0.07777777777777778 0.04619883040935673 0.09883040935672514 0.09356725146198831 0.0304093567251462 0.0304093567251462 0.1409356725146199 0.0304093567251462 0.014619883040935672 0.0304093567251462 0.025146198830409357 0.05146198830409357 0.0672514619883041 0.025146198830409357 0.019883040935672513 0.014619883040935672 0.1672514619883041 
0.06744398719707362 0.01600365797896662 0.04069501600365798 0.02629172382258802 0.013946044810242341 0.32053040695016 0.009830818472793781 0.16620941929583904 0.013946044810242341 0.005715592135345221 0.01188843164151806 0.01188843164151806 0.06332876085962506 0.0386374028349337 0.03040695016003658 0.05715592135345222 0.005715592135345221 0.1003657978966621 
0.04634745242480049 0.0187231430325353 0.021485573971761818 0.09330877839165132 0.13750767341927564 0.11540822590546347 0.010435850214855739 0.07397176181706569 0.05187231430325353 0.0187231430325353 0.024248004910988337 0.021485573971761818 0.02701043585021486 0.024248004910988337 0.0187231430325353 0.04634745242480049 0.021485573971761818 0.22866789441375074 
0.02962962962962963 0.02962962962962963 0.014245014245014245 0.13732193732193732 0.0245014245014245 0.0245014245014245 0.05527065527065528 0.039886039886039885 0.014245014245014245 0.014245014245014245 0.034757834757834755 0.02962962962962963 0.034757834757834755 0.019373219373219373 0.05527065527065528 0.245014245014245 0.0245014245014245 0.17321937321937322 
0.053007135575942915 0.0254841997961264 0.034658511722731905 0.04383282364933741 0.06218144750254842 0.0254841997961264 0.034658511722731905 0.0254841997961264 0.034658511722731905 0.053007135575942915 0.13557594291539246 0.04383282364933741 0.034658511722731905 0.07135575942915393 0.053007135575942915 0.13557594291539246 0.034658511722731905 0.09887869520897044 
0.0338849487785658 0.09771473601260836 0.09771473601260836 0.09062253743104808 0.06225374310480694 0.09062253743104808 0.0338849487785658 0.09062253743104808 0.026792750197005517 0.0764381402679275 0.019700551615445233 0.05516154452324665 0.0338849487785658 0.04097714736012608 0.04097714736012608 0.04806934594168637 0.026792750197005517 0.0338849487785658 
0.005751092707614446 0.1175523349436393 0.09270761444674488 0.1341154819415689 0.05337014032666207 0.026455026455026457 0.007821486082355647 0.10720036806993329 0.05958132045088567 0.07407407407407407 0.01403266620657925 0.01196227283183805 0.1196227283183805 0.09063722107200368 0.01403266620657925 0.026455026455026457 0.01403266620657925 0.030595813204508857 
0.0505804311774461 0.03565505804311774 0.09535655058043119 0.020729684908789386 0.087893864013267 0.04311774461028192 0.15505804311774463 0.06550580431177447 0.03565505804311774 0.06550580431177447 0.028192371475953566 0.028192371475953566 0.03565505804311774 0.07296849087893864 0.020729684908789386 0.028192371475953566 0.03565505804311774 0.09535655058043119 
0.017580872011251757 0.02390998593530239 0.05555555555555556 0.05555555555555556 0.08720112517580872 0.030239099859353025 0.03656821378340366 0.04922644163150492 0.04289732770745429 0.03656821378340366 0.03656821378340366 0.02390998593530239 0.017580872011251757 0.04922644163150492 0.030239099859353025 0.08720112517580872 0.29606188466947964 0.02390998593530239 
0.04367053620784964 0.2924267551133223 0.018794914317302378 0.038695411829740185 0.05362078496406855 0.05362078496406855 0.018794914317302378 0.08347153123272527 0.02377003869541183 0.04367053620784964 0.11332227750138198 0.02377003869541183 0.02377003869541183 0.048645660585959094 0.033720287451630734 0.02377003869541183 0.02377003869541183 0.038695411829740185 
0.04789272030651341 0.04789272030651341 0.06513409961685823 0.06513409961685823 0.04789272030651341 0.04789272030651341 0.04789272030651341 0.08237547892720307 0.06513409961685823 0.04789272030651341 0.04789272030651341 0.04789272030651341 0.08237547892720307 0.06513409961685823 0.04789272030651341 0.04789272030651341 0.04789272030651341 0.04789272030651341 
0.10597073942269672 0.02056148675365757 0.04903123764333729 0.0383550810597074 0.031237643337287468 0.02056148675365757 0.031237643337287468 0.04903123764333729 0.0383550810597074 0.25899565045472517 0.03479636219849743 0.02056148675365757 0.12020561486753657 0.031237643337287468 0.009885330170027679 0.017002767892447607 0.05258995650454725 0.07038355081059708 
0.06302794022092269 0.0396361273554256 0.1741390513320338 0.04548408057179987 0.022092267706302793 0.022092267706302793 0.06887589343729696 0.04548408057179987 0.04548408057179987 0.0396361273554256 0.06887589343729696 0.02794022092267706 0.02794022092267706 0.06887589343729696 0.016244314489928524 0.12735542560103963 0.022092267706302793 0.07472384665367122 
0.015015015015015015 0.07987987987987988 0.06906906906906907 0.05285285285285286 0.04744744744744745 0.015015015015015015 0.05285285285285286 0.0960960960960961 0.03663663663663664 0.11771771771771772 0.015015015015015015 0.05825825825825826 0.05825825825825826 0.07987987987987988 0.025825825825825825 0.025825825825825825 0.015015015015015015 0.13933933933933934 
0.012626262626262626 0.10808080808080808 0.03535353535353535 0.09898989898989899 0.05353535353535354 0.021717171717171718 0.012626262626262626 0.0398989898989899 0.05353535353535354 0.10808080808080808 0.05808080808080809 0.012626262626262626 0.03535353535353535 0.16262626262626262 0.05353535353535354 0.021717171717171718 0.04898989898989899 0.06262626262626263 
0.07213496218731821 0.02501454333915067 0.05119255381035486 0.0564281559045957 0.014543339150668994 0.030250145433391506 0.21873182082606166 0.02501454333915067 0.06689936009307737 0.02501454333915067 0.08260616637579989 0.030250145433391506 0.030250145433391506 0.014543339150668994 0.014543339150668994 0.045956951716114025 0.014543339150668994 0.1820826061663758 
0.19502719502719504 0.1285936285936286 0.04467754467754468 0.04467754467754468 0.009712509712509712 0.1285936285936286 0.013209013209013208 0.013209013209013208 0.048174048174048176 0.0202020202020202 0.06565656565656566 0.016705516705516704 0.08313908313908314 0.013209013209013208 0.0236985236985237 0.058663558663558664 0.0236985236985237 0.06915306915306915 
0.019265232974910392 0.011200716845878136 0.05555555555555556 0.10797491039426524 0.019265232974910392 0.03136200716845878 0.2612007168458781 0.0474910394265233 0.059587813620071685 0.12007168458781363 0.023297491039426525 0.027329749103942653 0.039426523297491044 0.023297491039426525 0.03539426523297491 0.011200716845878136 0.039426523297491044 0.06765232974910394 
0.038580246913580245 0.06635802469135803 0.038580246913580245 0.06635802469135803 0.05246913580246913 0.05246913580246913 0.08024691358024691 0.05246913580246913 0.038580246913580245 0.0941358024691358 0.05246913580246913 0.038580246913580245 0.038580246913580245 0.06635802469135803 0.05246913580246913 0.038580246913580245 0.038580246913580245 0.0941358024691358 
0.020538720538720537 0.041750841750841754 0.02356902356902357 0.0962962962962963 0.011447811447811448 0.041750841750841754 0.04781144781144781 0.06599326599326599 0.04478114478114478 0.04781144781144781 0.09326599326599327 0.02356902356902357 0.017508417508417508 0.05084175084175084 0.02962962962962963 0.2872053872053872 0.035690235690235696 0.020538720538720537 
0.036677454153182305 0.07551240560949299 0.036677454153182305 0.036677454153182305 0.036677454153182305 0.026968716289104636 0.09492988133764833 0.08522114347357067 0.1725997842502697 0.04638619201725998 0.07551240560949299 0.036677454153182305 0.036677454153182305 0.07551240560949299 0.036677454153182305 0.036677454153182305 0.026968716289104636 0.026968716289104636 
0.03156565656565657 0.09974747474747475 0.03156565656565657 0.03156565656565657 0.11111111111111112 0.05429292929292929 0.03156565656565657 0.03156565656565657 0.05429292929292929 0.13383838383838384 0.06565656565656565 0.03156565656565657 0.05429292929292929 0.04292929292929293 0.03156565656565657 0.04292929292929293 0.03156565656565657 0.08838383838383838 
0.015693659761456372 0.15128688010043942 0.11173885750156937 0.021343377275580666 0.04959196484620214 0.032642812303829254 0.04959196484620214 0.07784055241682361 0.015693659761456372 0.060891399874450726 0.07784055241682361 0.021343377275580666 0.04959196484620214 0.06654111738857502 0.032642812303829254 0.04959196484620214 0.021343377275580666 0.09478970495919649 
0.0982905982905983 0.021367521367521368 0.044444444444444446 0.044444444444444446 0.021367521367521368 0.105982905982906 0.02905982905982906 0.05213675213675214 0.09059829059829061 0.0982905982905983 0.105982905982906 0.021367521367521368 0.021367521367521368 0.09059829059829061 0.021367521367521368 0.05213675213675214 0.05213675213675214 0.02905982905982906 
0.009331597222222222 0.007378472222222222 0.06792534722222222 0.2554253472222222 0.011284722222222222 0.030815972222222224 0.11089409722222222 0.2495659722222222 0.028862847222222224 0.028862847222222224 0.005425347222222222 0.005425347222222222 0.06597222222222222 0.034722222222222224 0.011284722222222222 0.034722222222222224 0.005425347222222222 0.036675347222222224 
0.052503052503052504 0.052503052503052504 0.030525030525030524 0.04151404151404151 0.04151404151404151 0.15140415140415142 0.04151404151404151 0.07448107448107448 0.052503052503052504 0.030525030525030524 0.052503052503052504 0.030525030525030524 0.030525030525030524 0.030525030525030524 0.030525030525030524 0.12942612942612944 0.09645909645909646 0.030525030525030524 
0.07237512742099898 0.16870540265035677 0.040265035677879715 0.04485219164118247 0.15035677879714576 0.040265035677879715 0.026503567787971458 0.03109072375127421 0.026503567787971458 0.021916411824668705 0.109072375127421 0.0127420998980632 0.040265035677879715 0.040265035677879715 0.026503567787971458 0.04485219164118247 0.03109072375127421 0.07237512742099898 
0.038580246913580245 0.038580246913580245 0.05246913580246913 0.038580246913580245 0.10802469135802469 0.1219135802469136 0.038580246913580245 0.038580246913580245 0.06635802469135803 0.06635802469135803 0.08024691358024691 0.038580246913580245 0.038580246913580245 0.038580246913580245 0.038580246913580245 0.06635802469135803 0.038580246913580245 0.05246913580246913 
0.03378817413905133 0.03378817413905133 0.03378817413905133 0.022092267706302793 0.06302794022092269 0.03378817413905133 0.0396361273554256 0.022092267706302793 0.03378817413905133 0.0396361273554256 0.0396361273554256 0.05717998700454841 0.02794022092267706 0.07472384665367122 0.2794022092267706 0.0396361273554256 0.022092267706302793 0.10396361273554257 
0.04018912529550827 0.07210401891252954 0.1252955082742317 0.04018912529550827 0.07210401891252954 0.061465721040189124 0.029550827423167846 0.0508274231678487 0.061465721040189124 0.08274231678486997 0.0508274231678487 0.0508274231678487 0.061465721040189124 0.07210401891252954 0.04018912529550827 0.029550827423167846 0.029550827423167846 0.029550827423167846 
0.029130253849354974 0.04036620890553475 0.0478568456096546 0.3025384935497295 0.032875572201414904 0.14148980441115272 0.010403662089055347 0.059092800665834375 0.055347482313774454 0.025384935497295046 0.0478568456096546 0.014148980441115273 0.029130253849354974 0.021639617145235122 0.032875572201414904 0.055347482313774454 0.021639617145235122 0.032875572201414904 
0.058265582655826556 0.058265582655826556 0.058265582655826556 0.07046070460704607 0.04607046070460705 0.04607046070460705 0.04607046070460705 0.04607046070460705 0.04607046070460705 0.04607046070460705 0.08265582655826559 0.07046070460704607 0.058265582655826556 0.07046070460704607 0.03387533875338753 0.04607046070460705 0.058265582655826556 0.058265582655826556 
0.0496031746031746 0.0496031746031746 0.0496031746031746 0.0496031746031746 0.0496031746031746 0.0496031746031746 0.0496031746031746 0.08531746031746032 0.0496031746031746 0.0496031746031746 0.0496031746031746 0.0496031746031746 0.0496031746031746 0.06746031746031746 0.0496031746031746 0.0496031746031746 0.0496031746031746 0.10317460317460317 
0.01452991452991453 0.12991452991452992 0.07606837606837608 0.1452991452991453 0.02606837606837607 0.029914529914529916 0.03760683760683761 0.06837606837606838 0.04145299145299146 0.02606837606837607 0.010683760683760684 0.01452991452991453 0.03760683760683761 0.08376068376068377 0.045299145299145305 0.022222222222222223 0.06452991452991454 0.12606837606837606 
0.01580660158066016 0.011622501162250116 0.08275220827522083 0.05764760576476058 0.045095304509530455 0.1789865178986518 0.032543003254300325 0.07019990701999071 0.032543003254300325 0.09530450953045096 0.011622501162250116 0.02417480241748024 0.03672710367271037 0.08275220827522083 0.03672710367271037 0.10785681078568109 0.02417480241748024 0.05346350534635054 
0.05956471935853379 0.1420389461626575 0.038946162657502864 0.0286368843069874 0.05956471935853379 0.049255441008018326 0.038946162657502864 0.0286368843069874 0.10080183276059565 0.05956471935853379 0.06987399770904926 0.038946162657502864 0.038946162657502864 0.049255441008018326 0.038946162657502864 0.05956471935853379 0.0286368843069874 0.06987399770904926 
0.03228228228228228 0.08633633633633635 0.03903903903903904 0.025525525525525526 0.03903903903903904 0.1539039039039039 0.052552552552552555 0.08633633633633635 0.025525525525525526 0.0457957957957958 0.01876876876876877 0.03228228228228228 0.03228228228228228 0.01876876876876877 0.13363363363363365 0.025525525525525526 0.07957957957957959 0.07282282282282283 
0.016306408797876374 0.07773985589685249 0.050436101630640884 0.19719378081152825 0.019719378081152823 0.019719378081152823 0.026545316647705725 0.03337125521425863 0.06408797876374668 0.012893439514599923 0.06408797876374668 0.009480470231323474 0.180128934395146 0.023132347364429276 0.07091391733029959 0.019719378081152823 0.019719378081152823 0.09480470231323473 
0.08962048468221308 0.027892089620484683 0.0361225422953818 0.08962048468221308 0.040237768632830365 0.07315957933241884 0.011431184270690443 0.10608139003200732 0.03200731595793324 0.03200731595793324 0.040237768632830365 0.019661636945587563 0.02377686328303612 0.06904435299497028 0.0361225422953818 0.14311842706904435 0.040237768632830365 0.08962048468221308 
0.027146464646464644 0.11237373737373738 0.06123737373737374 0.06691919191919192 0.032828282828282825 0.03851010101010101 0.015782828282828284 0.24873737373737373 0.021464646464646464 0.05555555555555556 0.032828282828282825 0.032828282828282825 0.032828282828282825 0.07260101010101011 0.05555555555555556 0.04419191919191919 0.021464646464646464 0.027146464646464644 
0.42732115677321153 0.036910197869101984 0.01293759512937595 0.04033485540334856 0.01293759512937595 0.050608828006088284 0.023211567732115676 0.03006088280060883 0.0745814307458143 0.009512937595129375 0.0197869101978691 0.009512937595129375 0.03348554033485541 0.02663622526636225 0.10197869101978692 0.03006088280060883 0.03348554033485541 0.02663622526636225 
0.03654970760233918 0.03654970760233918 0.06286549707602339 0.049707602339181284 0.11549707602339182 0.049707602339181284 0.03654970760233918 0.049707602339181284 0.049707602339181284 0.0891812865497076 0.03654970760233918 0.049707602339181284 0.11549707602339182 0.049707602339181284 0.03654970760233918 0.06286549707602339 0.03654970760233918 0.03654970760233918 
0.04342273307790549 0.04342273307790549 0.031928480204342274 0.11238825031928482 0.031928480204342274 0.04342273307790549 0.031928480204342274 0.031928480204342274 0.031928480204342274 0.07790549169859515 0.031928480204342274 0.05491698595146871 0.05491698595146871 0.08939974457215837 0.05491698595146871 0.11238825031928482 0.05491698595146871 0.06641123882503193 
0.01970284237726098 0.19993540051679584 0.028423772609819122 0.03714470284237726 0.07202842377260982 0.06912144702842378 0.010981912144702842 0.06330749354005168 0.042958656330749356 0.02260981912144703 0.016795865633074936 0.04005167958656331 0.09528423772609819 0.11854005167958656 0.025516795865633077 0.04877260981912145 0.04877260981912145 0.04005167958656331 
0.07139991977537104 0.03529883674288007 0.03529883674288007 0.020858403529883673 0.02807862013638187 0.02807862013638187 0.06778981147212194 0.04612916165262736 0.3710389089450461 0.017248295226634576 0.01002807862013638 0.01363818692338548 0.04612916165262736 0.02807862013638187 0.03168872843963097 0.01002807862013638 0.07862013638186924 0.06056959486562375 
0.16146272855133614 0.012095639943741208 0.06526019690576652 0.017158931082981714 0.014627285513361463 0.022222222222222223 0.27285513361462727 0.01969057665260197 0.017158931082981714 0.03741209563994374 0.022222222222222223 0.012095639943741208 0.09817158931082982 0.027285513361462732 0.024753867791842476 0.05260196905766526 0.07032348804500703 0.05260196905766526 
0.05887560867640549 0.030987162461266045 0.05489154493138557 0.10668437361664454 0.023019034971226204 0.18636564851704293 0.04293935369632581 0.11465250110668437 0.019034971226206284 0.04692341744134573 0.0787959274015051 0.015050907481186366 0.05090748118636565 0.027003098716246125 0.027003098716246125 0.03895528995130589 0.027003098716246125 0.05090748118636565 
0.026418026418026416 0.026418026418026416 0.026418026418026416 0.06837606837606838 0.026418026418026416 0.11732711732711733 0.0473970473970474 0.03341103341103341 0.03341103341103341 0.06138306138306139 0.0473970473970474 0.026418026418026416 0.08935508935508936 0.019425019425019424 0.05439005439005439 0.0404040404040404 0.19425019425019427 0.06138306138306139 
0.013484358144552318 0.052319309600863 0.0668824163969795 0.05717367853290184 0.02319309600862999 0.052319309600863 0.052319309600863 0.1930960086299892 0.028047464940668825 0.04746494066882417 0.04746494066882417 0.013484358144552318 0.013484358144552318 0.10571736785329018 0.03290183387270766 0.09115426105717368 0.05717367853290184 0.052319309600863 
0.031221303948576674 0.03948576675849403 0.14692378328741965 0.031221303948576674 0.031221303948576674 0.047750229568411386 0.031221303948576674 0.05601469237832874 0.11386593204775024 0.06427915518824609 0.07254361799816346 0.03948576675849403 0.031221303948576674 0.047750229568411386 0.06427915518824609 0.031221303948576674 0.047750229568411386 0.07254361799816346 
0.022583559168925023 0.04697380307136405 0.0957542908762421 0.04697380307136405 0.04697380307136405 0.10388437217705511 0.03884372177055104 0.07949412827461609 0.04697380307136405 0.10388437217705511 0.05510388437217705 0.04697380307136405 0.03071364046973803 0.07136404697380308 0.03071364046973803 0.05510388437217705 0.03071364046973803 0.04697380307136405 
0.028344671201814057 0.0691609977324263 0.03854875283446712 0.09977324263038549 0.03854875283446712 0.04875283446712018 0.05895691609977324 0.028344671201814057 0.028344671201814057 0.13038548752834467 0.03854875283446712 0.03854875283446712 0.028344671201814057 0.05895691609977324 0.04875283446712018 0.028344671201814057 0.09977324263038549 0.08956916099773243 
0.03122730573710966 0.05083514887436456 0.14887436456063907 0.04429920116194626 0.01815541031227306 0.09658678286129267 0.03122730573710966 0.03776325344952796 0.03122730573710966 0.09658678286129267 0.03776325344952796 0.03776325344952796 0.03122730573710966 0.05083514887436456 0.03122730573710966 0.05083514887436456 0.06390704429920117 0.10965867828612927 
0.036677454153182305 0.15318230852211437 0.036677454153182305 0.06580366774541532 0.036677454153182305 0.04638619201725998 0.06580366774541532 0.026968716289104636 0.104638619201726 0.026968716289104636 0.05609492988133765 0.026968716289104636 0.04638619201725998 0.06580366774541532 0.104638619201726 0.036677454153182305 0.026968716289104636 0.036677454153182305 
0.021963824289405683 0.01614987080103359 0.06266149870801034 0.021963824289405683 0.14987080103359174 0.03940568475452196 0.021963824289405683 0.23126614987080105 0.021963824289405683 0.06847545219638243 0.027777777777777776 0.01614987080103359 0.027777777777777776 0.06847545219638243 0.027777777777777776 0.06847545219638243 0.08591731266149871 0.021963824289405683 
0.05555555555555556 0.06821378340365683 0.16947960618846694 0.030239099859353025 0.03656821378340366 0.1441631504922644 0.030239099859353025 0.0808720112517581 0.03656821378340366 0.030239099859353025 0.02390998593530239 0.02390998593530239 0.02390998593530239 0.04922644163150492 0.02390998593530239 0.06188466947960619 0.02390998593530239 0.08720112517580872 
0.021047479197258932 0.11355849241311797 0.11796377875673031 0.021047479197258932 0.025452765540871267 0.012236906510034264 0.047479197258932945 0.10034263338228096 0.021047479197258932 0.17523250122369066 0.08272148800783162 0.0298580518844836 0.012236906510034264 0.1047479197258933 0.016642192853646598 0.0298580518844836 0.016642192853646598 0.05188448360254528 
0.22465531224655313 0.07866991078669912 0.0202757502027575 0.0202757502027575 0.07137064071370641 0.034874290348742905 0.0202757502027575 0.034874290348742905 0.07137064071370641 0.0202757502027575 0.042173560421735604 0.0202757502027575 0.027575020275750203 0.09326845093268452 0.0202757502027575 0.05677210056772101 0.0202757502027575 0.12246553122465532 
0.057929724596391265 0.032288698955365625 0.10066476733143401 0.04938271604938271 0.0835707502374169 0.06647673314339982 0.04083570750237417 0.032288698955365625 0.04083570750237417 0.032288698955365625 0.057929724596391265 0.04938271604938271 0.06647673314339982 0.023741690408357073 0.04083570750237417 0.1177587844254511 0.04938271604938271 0.057929724596391265 
0.04206349206349207 0.03492063492063492 0.013492063492063491 0.05634920634920635 0.013492063492063491 0.20277777777777778 0.038492063492063494 0.11706349206349206 0.020634920634920634 0.024206349206349207 0.013492063492063491 0.013492063492063491 0.03492063492063492 0.05277777777777778 0.038492063492063494 0.20277777777777778 0.017063492063492062 0.06349206349206349 
0.08588298443370908 0.04723564143853999 0.06655931293612453 0.03274288781535158 0.04723564143853999 0.027911969940955447 0.013419216317767041 0.08588298443370908 0.042404723564143855 0.013419216317767041 0.09071390230810521 0.013419216317767041 0.02308105206655931 0.05689747718733226 0.23081052066559313 0.02308105206655931 0.01825013419216318 0.08105206655931294 
0.051587301587301584 0.0248015873015873 0.051587301587301584 0.03373015873015873 0.07837301587301589 0.06944444444444445 0.09623015873015874 0.04265873015873016 0.051587301587301584 0.0248015873015873 0.03373015873015873 0.03373015873015873 0.0248015873015873 0.0248015873015873 0.060515873015873016 0.06944444444444445 0.08730158730158731 0.14087301587301587 
0.10886644219977554 0.08866442199775534 0.04826038159371493 0.058361391694725026 0.028058361391694726 0.038159371492704826 0.038159371492704826 0.038159371492704826 0.038159371492704826 0.06846240179573512 0.08866442199775534 0.038159371492704826 0.04826038159371493 0.038159371492704826 0.04826038159371493 0.058361391694725026 0.08866442199775534 0.038159371492704826 
0.024216524216524215 0.017806267806267807 0.06267806267806268 0.056267806267806274 0.06267806267806268 0.1396011396011396 0.017806267806267807 0.056267806267806274 0.030626780626780627 0.017806267806267807 0.08831908831908833 0.037037037037037035 0.030626780626780627 0.037037037037037035 0.024216524216524215 0.146011396011396 0.030626780626780627 0.12037037037037038 
0.46126604692341744 0.011066843736166445 0.015050907481186366 0.015050907481186366 0.023019034971226204 0.015050907481186366 0.015050907481186366 0.023019034971226204 0.03895528995130589 0.019034971226206284 0.10668437361664454 0.019034971226206284 0.030987162461266045 0.04692341744134573 0.05090748118636565 0.030987162461266045 0.030987162461266045 0.04692341744134573 
0.05427103403982017 0.04271034039820167 0.04849068721901092 0.10340398201669879 0.0340398201669878 0.12074502247912652 0.013808606294155427 0.0947334617854849 0.03692999357739243 0.008028259473346178 0.01669877970456005 0.025369299935773925 0.08895311496467566 0.12652536929993577 0.013808606294155427 0.06872190109184328 0.01669877970456005 0.08606294155427104 
0.21238425925925927 0.05092592592592593 0.014467592592592593 0.04050925925925926 0.014467592592592593 0.11342592592592593 0.014467592592592593 0.03530092592592592 0.02488425925925926 0.02488425925925926 0.045717592592592594 0.014467592592592593 0.061342592592592594 0.03009259259259259 0.06655092592592593 0.1394675925925926 0.02488425925925926 0.07175925925925926 
0.056878306878306875 0.04497354497354497 0.04497354497354497 0.056878306878306875 0.03306878306878307 0.03306878306878307 0.1283068783068783 0.04497354497354497 0.06878306878306878 0.03306878306878307 0.14021164021164023 0.03306878306878307 0.06878306878306878 0.03306878306878307 0.04497354497354497 0.04497354497354497 0.056878306878306875 0.03306878306878307 
0.05871056241426612 0.03401920438957476 0.024142661179698217 0.056241426611796985 0.056241426611796985 0.0710562414266118 0.05130315500685871 0.06117969821673525 0.036488340192043896 0.011796982167352537 0.011796982167352537 0.011796982167352537 0.024142661179698217 0.006858710562414266 0.2438957475994513 0.13525377229080934 0.03155006858710563 0.07352537722908094 
0.07702020202020202 0.05429292929292929 0.06565656565656565 0.05429292929292929 0.06565656565656565 0.04292929292929293 0.03156565656565657 0.04292929292929293 0.04292929292929293 0.11111111111111112 0.08838383838383838 0.05429292929292929 0.03156565656565657 0.05429292929292929 0.04292929292929293 0.03156565656565657 0.04292929292929293 0.06565656565656565 
0.12102243088158582 0.03182055294731351 0.027125717266562335 0.07876890975482526 0.017736045905059988 0.15388628064684404 0.05059989567031821 0.013041210224308816 0.036515388628064686 0.03182055294731351 0.05059989567031821 0.013041210224308816 0.03182055294731351 0.027125717266562335 0.1914449660928534 0.027125717266562335 0.0693792383933229 0.027125717266562335 
0.032288698955365625 0.1177587844254511 0.10066476733143401 0.04083570750237417 0.1177587844254511 0.04083570750237417 0.032288698955365625 0.04083570750237417 0.057929724596391265 0.06647673314339982 0.023741690408357073 0.023741690408357073 0.023741690408357073 0.057929724596391265 0.023741690408357073 0.09211775878442546 0.023741690408357073 0.0835707502374169 
0.009746588693957114 0.02729044834307992 0.055360623781676416 0.05185185185185186 0.04834307992202729 0.044834307992202733 0.030799220272904486 0.22378167641325536 0.05185185185185186 0.058869395711500974 0.02378167641325536 0.01676413255360624 0.030799220272904486 0.04834307992202729 0.058869395711500974 0.02378167641325536 0.16413255360623782 0.030799220272904486 
0.008341675008341674 0.01434768101434768 0.04137470804137471 0.047380714047380715 0.14347681014347682 0.11644978311644978 0.01434768101434768 0.13747080413747081 0.04137470804137471 0.0323656990323657 0.0323656990323657 0.008341675008341674 0.08041374708041375 0.10143476810143477 0.0323656990323657 0.01434768101434768 0.06239572906239573 0.07140473807140474 
0.014177382129904385 0.03791625453346522 0.026046818331684804 0.23376195186284204 0.05572040883613584 0.06165512693702605 0.15067589845037915 0.029014177382129906 0.03198153643257501 0.008242664029014177 0.008242664029014177 0.023079459281239695 0.023079459281239695 0.020112100230794593 0.10913287174414771 0.08836135839103199 0.01121002307945928 0.06758984503791626 
0.03533697632058288 0.022222222222222223 0.038615664845173044 0.032058287795992714 0.009107468123861566 0.015664845173041893 0.2681238615664845 0.038615664845173044 0.04189435336976321 0.22550091074681236 0.04189435336976321 0.01894353369763206 0.015664845173041893 0.09107468123861567 0.0517304189435337 0.01238615664845173 0.032058287795992714 0.009107468123861566 
0.09679012345679013 0.03901234567901235 0.05234567901234568 0.04790123456790124 0.02123456790123457 0.043456790123456795 0.10123456790123457 0.030123456790123456 0.08790123456790123 0.02123456790123457 0.02567901234567901 0.016790123456790124 0.012345679012345678 0.03901234567901235 0.23901234567901236 0.02567901234567901 0.02567901234567901 0.0745679012345679 
0.04392764857881137 0.04392764857881137 0.09043927648578812 0.07881136950904392 0.03229974160206718 0.04392764857881137 0.03229974160206718 0.05555555555555555 0.03229974160206718 0.16020671834625325 0.03229974160206718 0.05555555555555555 0.04392764857881137 0.06718346253229975 0.05555555555555555 0.05555555555555555 0.03229974160206718 0.04392764857881137 
0.0361952861952862 0.02104377104377104 0.0361952861952862 0.11195286195286196 0.14983164983164984 0.11195286195286196 0.0361952861952862 0.05134680134680135 0.0664983164983165 0.05134680134680135 0.02104377104377104 0.028619528619528618 0.04377104377104377 0.058922558922558925 0.04377104377104377 0.07407407407407408 0.02104377104377104 0.0361952861952862 
0.081377151799687 0.053208137715179966 0.081377151799687 0.053208137715179966 0.03912363067292644 0.03912363067292644 0.06729264475743349 0.081377151799687 0.03912363067292644 0.03912363067292644 0.081377151799687 0.03912363067292644 0.053208137715179966 0.053208137715179966 0.03912363067292644 0.053208137715179966 0.03912363067292644 0.06729264475743349 
0.021204410517387615 0.1280746395250212 0.0364715860899067 0.0364715860899067 0.04410517387616624 0.08227311280746395 0.04410517387616624 0.06700593723494487 0.05173876166242578 0.05173876166242578 0.07463952502120441 0.04410517387616624 0.028837998303647156 0.028837998303647156 0.028837998303647156 0.05173876166242578 0.0364715860899067 0.1433418150975403 
0.027644869750132906 0.022860180754917598 0.04199893673577885 0.04199893673577885 0.03242955874534822 0.027644869750132906 0.013290802764486975 0.1998936735778841 0.018075491759702286 0.08506113769271664 0.03242955874534822 0.0707070707070707 0.03242955874534822 0.06113769271664009 0.013290802764486975 0.03242955874534822 0.1137692716640085 0.13290802764486975 
0.02620545073375262 0.0639412997903564 0.13941299790356396 0.02620545073375262 0.05450733752620545 0.03563941299790356 0.02620545073375262 0.02620545073375262 0.04507337526205451 0.12054507337526206 0.11111111111111112 0.02620545073375262 0.02620545073375262 0.0828092243186583 0.04507337526205451 0.05450733752620545 0.03563941299790356 0.05450733752620545 
0.026262626262626262 0.05808080808080809 0.026262626262626262 0.01717171717171717 0.12626262626262627 0.2580808080808081 0.03535353535353535 0.06262626262626263 0.03535353535353535 0.09444444444444444 0.03080808080808081 0.021717171717171718 0.06262626262626263 0.021717171717171718 0.01717171717171717 0.012626262626262626 0.01717171717171717 0.07626262626262627 
0.03306878306878307 0.03306878306878307 0.04497354497354497 0.056878306878306875 0.11640211640211641 0.03306878306878307 0.04497354497354497 0.06878306878306878 0.03306878306878307 0.056878306878306875 0.1044973544973545 0.06878306878306878 0.04497354497354497 0.04497354497354497 0.06878306878306878 0.06878306878306878 0.04497354497354497 0.03306878306878307 
0.035161744022503515 0.09845288326300984 0.07313642756680731 0.035161744022503515 0.04781997187060478 0.04781997187060478 0.07313642756680731 0.035161744022503515 0.04781997187060478 0.11111111111111112 0.035161744022503515 0.035161744022503515 0.04781997187060478 0.06047819971870605 0.035161744022503515 0.04781997187060478 0.04781997187060478 0.08579465541490858 
0.051322751322751325 0.02275132275132275 0.02275132275132275 0.051322751322751325 0.02275132275132275 0.01798941798941799 0.013227513227513227 0.05608465608465609 0.16560846560846562 0.07513227513227513 0.027513227513227514 0.027513227513227514 0.0417989417989418 0.037037037037037035 0.21798941798941798 0.04656084656084657 0.02275132275132275 0.07989417989417989 
0.06452991452991454 0.11452991452991454 0.010683760683760684 0.102991452991453 0.029914529914529916 0.09529914529914531 0.11452991452991454 0.056837606837606844 0.052991452991453 0.045299145299145305 0.045299145299145305 0.01452991452991453 0.029914529914529916 0.018376068376068377 0.02606837606837607 0.13760683760683762 0.018376068376068377 0.022222222222222223 
0.05205205205205205 0.06106106106106106 0.06106106106106106 0.05205205205205205 0.03403403403403403 0.03403403403403403 0.03403403403403403 0.0880880880880881 0.03403403403403403 0.025025025025025023 0.043043043043043044 0.07007007007007007 0.07007007007007007 0.07907907907907909 0.05205205205205205 0.025025025025025023 0.06106106106106106 0.12412412412412413 
0.03071364046973803 0.03884372177055104 0.022583559168925023 0.03884372177055104 0.04697380307136405 0.05510388437217705 0.03884372177055104 0.06323396567299006 0.022583559168925023 0.21770551038843722 0.10388437217705511 0.03884372177055104 0.022583559168925023 0.05510388437217705 0.03071364046973803 0.10388437217705511 0.022583559168925023 0.04697380307136405 
0.041371158392434985 0.13711583924349882 0.02541371158392435 0.046690307328605206 0.041371158392434985 0.041371158392434985 0.05200945626477542 0.05732860520094563 0.05732860520094563 0.05732860520094563 0.17966903073286053 0.014775413711583923 0.014775413711583923 0.041371158392434985 0.020094562647754135 0.030732860520094562 0.03605200945626477 0.10520094562647754 
0.2137079608343976 0.02596849723286505 0.022137079608343976 0.1600681140911026 0.018305661983822902 0.08343976160068114 0.010642826734780758 0.02979991485738612 0.05661983822903363 0.02979991485738612 0.01447424435930183 0.010642826734780758 0.07960834397616007 0.033631332481907195 0.12941677309493402 0.033631332481907195 0.02596849723286505 0.022137079608343976 
0.07664399092970522 0.06031746031746032 0.023582766439909298 0.023582766439909298 0.019501133786848073 0.011337868480725623 0.015419501133786848 0.05623582766439909 0.30521541950113373 0.015419501133786848 0.08888888888888889 0.019501133786848073 0.07664399092970522 0.02766439909297052 0.09297052154195011 0.043990929705215426 0.015419501133786848 0.02766439909297052 
0.053086419753086415 0.053086419753086415 0.04197530864197531 0.030864197530864196 0.030864197530864196 0.08641975308641975 0.04197530864197531 0.04197530864197531 0.06419753086419754 0.04197530864197531 0.19753086419753088 0.030864197530864196 0.06419753086419754 0.030864197530864196 0.04197530864197531 0.053086419753086415 0.030864197530864196 0.06419753086419754 
0.07127882599580712 0.05241090146750524 0.05241090146750524 0.05241090146750524 0.05241090146750524 0.07127882599580712 0.05241090146750524 0.05241090146750524 0.05241090146750524 0.05241090146750524 0.07127882599580712 0.05241090146750524 0.05241090146750524 0.05241090146750524 0.05241090146750524 0.05241090146750524 0.05241090146750524 0.05241090146750524 
0.08970189701897019 0.036043360433604336 0.011653116531165311 0.04823848238482385 0.031165311653116534 0.06531165311653117 0.02872628726287263 0.08238482384823849 0.19214092140921407 0.009214092140921408 0.014092140921409214 0.006775067750677506 0.15799457994579943 0.05067750677506775 0.02872628726287263 0.03848238482384824 0.011653116531165311 0.0970189701897019 
0.332665999332666 0.029362696029362697 0.05638972305638972 0.0323656990323657 0.02335669002335669 0.053386720053386724 0.05939272605939273 0.07741074407741075 0.020353687020353686 0.05939272605939273 0.05638972305638972 0.008341675008341674 0.026359693026359696 0.04137470804137471 0.011344678011344677 0.06539873206539873 0.0323656990323657 0.01434768101434768 
0.03812636165577342 0.023420479302832243 0.02832244008714597 0.06263616557734206 0.023420479302832243 0.02832244008714597 0.0920479302832244 0.0528322440087146 0.09694989106753812 0.07734204793028322 0.09694989106753812 0.08224400871459696 0.0528322440087146 0.018518518518518517 0.02832244008714597 0.0724400871459695 0.02832244008714597 0.09694989106753812 
0.043759512937595134 0.036910197869101984 0.01293759512937595 0.02663622526636225 0.09855403348554034 0.07800608828006089 0.03348554033485541 0.2149923896499239 0.03348554033485541 0.09170471841704719 0.03348554033485541 0.016362252663622526 0.02663622526636225 0.1841704718417047 0.01293759512937595 0.01293759512937595 0.02663622526636225 0.016362252663622526 
0.013255360623781676 0.18167641325536063 0.02729044834307992 0.08693957115009747 0.04834307992202729 0.1395711500974659 0.0658869395711501 0.12202729044834308 0.009746588693957114 0.044834307992202733 0.055360623781676416 0.009746588693957114 0.01676413255360624 0.05185185185185186 0.009746588693957114 0.044834307992202733 0.030799220272904486 0.04132553606237817 
0.04607046070460705 0.03387533875338753 0.0948509485094851 0.058265582655826556 0.03387533875338753 0.03387533875338753 0.16802168021680217 0.04607046070460705 0.03387533875338753 0.07046070460704607 0.03387533875338753 0.03387533875338753 0.03387533875338753 0.04607046070460705 0.07046070460704607 0.03387533875338753 0.04607046070460705 0.08265582655826559 
