0.03315881326352531 0.017452006980802792 0.03315881326352531 0.11169284467713786 0.038394415357766144 0.017452006980802792 0.022687609075043632 0.02792321116928447 0.3054101221640489 0.11169284467713786 0.038394415357766144 0.059336823734729496 0.02792321116928447 0.06980802792321117 0.08551483420593367 
0.04566210045662101 0.025114155251141555 0.014840182648401829 0.1004566210045662 0.16210045662100458 0.09703196347031963 0.049086757990867584 0.025114155251141555 0.09360730593607305 0.02168949771689498 0.10388127853881278 0.02853881278538813 0.035388127853881284 0.14840182648401828 0.049086757990867584 
0.08747044917257683 0.03782505910165485 0.02364066193853428 0.0591016548463357 0.06619385342789598 0.1867612293144208 0.06619385342789598 0.02364066193853428 0.030732860520094565 0.02364066193853428 0.10874704491725769 0.03782505910165485 0.02364066193853428 0.10165484633569741 0.12293144208037825 
0.09649122807017545 0.04385964912280702 0.057017543859649134 0.14912280701754388 0.057017543859649134 0.09649122807017545 0.04385964912280702 0.057017543859649134 0.04385964912280702 0.057017543859649134 0.08333333333333334 0.057017543859649134 0.057017543859649134 0.04385964912280702 0.057017543859649134 
0.15422885572139305 0.04975124378109453 0.04975124378109453 0.0646766169154229 0.0646766169154229 0.12437810945273632 0.04975124378109453 0.0646766169154229 0.04975124378109453 0.0646766169154229 0.04975124378109453 0.04975124378109453 0.0646766169154229 0.04975124378109453 0.04975124378109453 
0.013280212483399735 0.03718459495351926 0.021248339973439577 0.017264276228419657 0.029216467463479417 0.017264276228419657 0.07702523240371846 0.021248339973439577 0.06905710491367861 0.03718459495351926 0.017264276228419657 0.4634794156706507 0.021248339973439577 0.12084993359893757 0.03718459495351926 
0.17777777777777776 0.061111111111111116 0.16944444444444443 0.06944444444444445 0.036111111111111115 0.061111111111111116 0.036111111111111115 0.044444444444444446 0.052777777777777785 0.052777777777777785 0.036111111111111115 0.052777777777777785 0.02777777777777778 0.052777777777777785 0.06944444444444445 
0.018055555555555557 0.022222222222222223 0.051388888888888894 0.05555555555555556 0.034722222222222224 0.09722222222222222 0.03888888888888889 0.051388888888888894 0.026388888888888892 0.018055555555555557 0.07222222222222222 0.022222222222222223 0.022222222222222223 0.38055555555555554 0.08888888888888888 
0.1273996509598604 0.02792321116928447 0.03315881326352531 0.08027923211169284 0.11169284467713786 0.022687609075043632 0.022687609075043632 0.03315881326352531 0.038394415357766144 0.022687609075043632 0.09598603839441536 0.17452006980802792 0.038394415357766144 0.12216404886561955 0.048865619546247824 
0.025377229080932786 0.1056241426611797 0.0644718792866941 0.12620027434842251 0.1056241426611797 0.013031550068587108 0.021262002743484228 0.07064471879286695 0.09327846364883402 0.029492455418381344 0.144718792866941 0.029492455418381344 0.015089163237311387 0.12002743484224966 0.03566529492455418 
0.1414141414141414 0.047750229568411386 0.022956841138659322 0.011937557392102848 0.10284664830119376 0.03397612488521579 0.011937557392102848 0.02571166207529844 0.022956841138659322 0.04224058769513315 0.3067033976124885 0.03948576675849403 0.020202020202020204 0.15794306703397612 0.011937557392102848 
0.06837606837606838 0.24786324786324787 0.03247863247863248 0.052991452991453 0.042735042735042736 0.052991452991453 0.06324786324786325 0.09401709401709402 0.027350427350427354 0.052991452991453 0.042735042735042736 0.027350427350427354 0.027350427350427354 0.14529914529914528 0.022222222222222227 
0.058103975535168204 0.06727828746177371 0.12232415902140674 0.09480122324159022 0.08562691131498472 0.0489296636085627 0.030581039755351685 0.030581039755351685 0.03975535168195719 0.06727828746177371 0.10397553516819573 0.0489296636085627 0.030581039755351685 0.12232415902140674 0.0489296636085627 
0.04263565891472869 0.060077519379844964 0.054263565891472874 0.025193798449612406 0.23449612403100775 0.09496124031007751 0.025193798449612406 0.025193798449612406 0.03682170542635659 0.03682170542635659 0.12403100775193798 0.14147286821705427 0.0310077519379845 0.01937984496124031 0.04844961240310078 
0.048814504881450484 0.03835425383542538 0.011157601115760113 0.16387726638772662 0.1806136680613668 0.05090655509065551 0.02789400278940028 0.017433751743375175 0.12622036262203626 0.02370990237099024 0.013249651324965134 0.1617852161785216 0.011157601115760113 0.021617852161785217 0.10320781032078104 
0.10696517412935323 0.024875621890547265 0.04726368159203981 0.09203980099502489 0.05472636815920399 0.06965174129353234 0.024875621890547265 0.024875621890547265 0.03980099502487563 0.03233830845771145 0.03980099502487563 0.05472636815920399 0.03980099502487563 0.2263681592039801 0.12189054726368158 
0.1160337552742616 0.1350210970464135 0.052742616033755275 0.03375527426160338 0.046413502109704644 0.06540084388185655 0.046413502109704644 0.14767932489451477 0.021097046413502112 0.03375527426160338 0.12236286919831223 0.06540084388185655 0.03375527426160338 0.027426160337552748 0.052742616033755275 
0.06357388316151202 0.0429553264604811 0.07388316151202749 0.27491408934707906 0.10481099656357387 0.0429553264604811 0.03264604810996564 0.06357388316151202 0.027491408934707907 0.0429553264604811 0.08419243986254295 0.0429553264604811 0.03264604810996564 0.03264604810996564 0.03780068728522337 
0.04975124378109453 0.07960199004975126 0.04975124378109453 0.04975124378109453 0.15422885572139305 0.04975124378109453 0.0646766169154229 0.04975124378109453 0.0646766169154229 0.0646766169154229 0.04975124378109453 0.04975124378109453 0.0646766169154229 0.04975124378109453 0.10945273631840798 
0.04711425206124853 0.025912838633686694 0.1071849234393404 0.02944640753828033 0.022379269729093054 0.23085983510011776 0.04358068315665489 0.03651354534746761 0.13545347467608954 0.015312131919905773 0.04358068315665489 0.04711425206124853 0.025912838633686694 0.1319199057714959 0.05771495877502944 
0.019493177387914232 0.16569200779727095 0.07212475633528266 0.04288499025341131 0.06627680311890839 0.04288499025341131 0.06042884990253412 0.03703703703703704 0.019493177387914232 0.0253411306042885 0.06042884990253412 0.06627680311890839 0.0253411306042885 0.09551656920077972 0.20077972709551659 
0.039639639639639644 0.028828828828828833 0.023423423423423427 0.10450450450450449 0.12072072072072071 0.10450450450450449 0.039639639639639644 0.018018018018018018 0.06666666666666667 0.039639639639639644 0.06666666666666667 0.09909909909909909 0.05585585585585586 0.1153153153153153 0.07747747747747748 
0.1282051282051282 0.015082956259426848 0.028657616892911013 0.11463046757164404 0.09653092006033182 0.1508295625942685 0.04675716440422323 0.06033182503770739 0.037707390648567124 0.04675716440422323 0.05128205128205129 0.05580693815987934 0.019607843137254905 0.05580693815987934 0.09200603318250376 
0.05410122164048866 0.059336823734729496 0.048865619546247824 0.022687609075043632 0.017452006980802792 0.05410122164048866 0.17975567190226877 0.10645724258289703 0.022687609075043632 0.02792321116928447 0.038394415357766144 0.04363001745200698 0.02792321116928447 0.24258289703315883 0.05410122164048866 
0.012974051896207586 0.1477045908183633 0.18363273453093812 0.10279441117764472 0.05489021956087824 0.04291417165668663 0.033932135728542916 0.05489021956087824 0.08183632734530938 0.012974051896207586 0.030938123752495012 0.11177644710578843 0.02794411177644711 0.05489021956087824 0.04590818363273453 
0.025537634408602152 0.025537634408602152 0.021505376344086023 0.02956989247311828 0.06586021505376344 0.0900537634408602 0.21908602150537634 0.03763440860215054 0.02956989247311828 0.02956989247311828 0.03763440860215054 0.08602150537634408 0.025537634408602152 0.14650537634408603 0.13037634408602153 
0.060185185185185196 0.0462962962962963 0.0462962962962963 0.060185185185185196 0.0462962962962963 0.07407407407407408 0.10185185185185186 0.0462962962962963 0.060185185185185196 0.0462962962962963 0.10185185185185186 0.08796296296296297 0.07407407407407408 0.08796296296296297 0.060185185185185196 
0.0433031218529708 0.23967774420946625 0.013091641490433034 0.028197381671701917 0.04028197381671702 0.06143001007049345 0.04934541792547834 0.03726082578046325 0.010070493454179255 0.03423967774420947 0.15508559919436052 0.1852970795568983 0.031218529707955692 0.022155085599194362 0.04934541792547834 
0.043290043290043295 0.05627705627705629 0.1341991341991342 0.05627705627705629 0.05627705627705629 0.043290043290043295 0.043290043290043295 0.05627705627705629 0.09523809523809525 0.09523809523809525 0.06926406926406928 0.08225108225108226 0.05627705627705629 0.043290043290043295 0.06926406926406928 
0.09363295880149813 0.03745318352059925 0.03745318352059925 0.10486891385767791 0.08239700374531836 0.1835205992509363 0.05992509363295881 0.048689138576779034 0.05992509363295881 0.048689138576779034 0.048689138576779034 0.03745318352059925 0.03745318352059925 0.08239700374531836 0.03745318352059925 
0.08662900188323917 0.018832391713747648 0.04143126177024482 0.160075329566855 0.05838041431261771 0.04708097928436912 0.04708097928436912 0.030131826741996236 0.04143126177024482 0.030131826741996236 0.08097928436911488 0.05838041431261771 0.04143126177024482 0.1261770244821092 0.1318267419962335 
0.10256410256410257 0.11025641025641027 0.13333333333333333 0.025641025641025644 0.04102564102564103 0.14102564102564102 0.04102564102564103 0.03333333333333334 0.0717948717948718 0.05641025641025642 0.05641025641025642 0.05641025641025642 0.03333333333333334 0.025641025641025644 0.0717948717948718 
0.015952980688497063 0.05373635600335852 0.008396305625524769 0.026028547439126786 0.13182199832073888 0.018471872376154493 0.015952980688497063 0.023509655751469356 0.09403862300587743 0.015952980688497063 0.018471872376154493 0.3408900083963057 0.028547439126784216 0.14693534844668346 0.061293031066330814 
0.04761904761904762 0.22344322344322343 0.0695970695970696 0.04761904761904762 0.03663003663003663 0.04761904761904762 0.08058608058608059 0.03663003663003663 0.04761904761904762 0.08058608058608059 0.09157509157509158 0.04761904761904762 0.03663003663003663 0.0695970695970696 0.03663003663003663 
0.1850152905198777 0.019877675840978597 0.10703363914373089 0.18042813455657494 0.03822629969418961 0.06574923547400612 0.033639143730886854 0.04281345565749236 0.04281345565749236 0.033639143730886854 0.07033639143730887 0.033639143730886854 0.02446483180428135 0.07951070336391437 0.04281345565749236 
0.10185185185185186 0.10185185185185186 0.0462962962962963 0.0462962962962963 0.0462962962962963 0.060185185185185196 0.060185185185185196 0.10185185185185186 0.08796296296296297 0.060185185185185196 0.08796296296296297 0.060185185185185196 0.0462962962962963 0.0462962962962963 0.0462962962962963 
0.06042884990253412 0.03118908382066277 0.04288499025341131 0.0838206627680312 0.03118908382066277 0.05458089668615985 0.06042884990253412 0.04288499025341131 0.04873294346978558 0.317738791423002 0.07212475633528266 0.03703703703703704 0.019493177387914232 0.07212475633528266 0.0253411306042885 
0.0673758865248227 0.03546099290780142 0.04609929078014185 0.08865248226950355 0.056737588652482275 0.04609929078014185 0.056737588652482275 0.056737588652482275 0.08865248226950355 0.04609929078014185 0.13120567375886524 0.07801418439716312 0.04609929078014185 0.04609929078014185 0.1099290780141844 
0.03280839895013123 0.09186351706036745 0.06430446194225721 0.03280839895013123 0.03674540682414698 0.020997375328083993 0.03674540682414698 0.06036745406824147 0.04461942257217848 0.04068241469816273 0.06824146981627296 0.29265091863517056 0.02493438320209974 0.0721784776902887 0.0800524934383202 
0.04065040650406504 0.05284552845528456 0.06504065040650407 0.08943089430894309 0.06504065040650407 0.17479674796747968 0.06504065040650407 0.04065040650406504 0.04065040650406504 0.06504065040650407 0.05284552845528456 0.07723577235772358 0.05284552845528456 0.06504065040650407 0.05284552845528456 
0.05952380952380953 0.05952380952380953 0.05952380952380953 0.05952380952380953 0.0773809523809524 0.05952380952380953 0.05952380952380953 0.05952380952380953 0.05952380952380953 0.05952380952380953 0.0773809523809524 0.09523809523809525 0.0773809523809524 0.0773809523809524 0.05952380952380953 
0.03703703703703704 0.08932461873638343 0.017429193899782137 0.1252723311546841 0.10893246187363835 0.02396514161220044 0.03376906318082789 0.08932461873638343 0.06644880174291938 0.04357298474945534 0.053376906318082784 0.04684095860566449 0.014161220043572986 0.16448801742919392 0.08605664488017428 
0.05578800557880056 0.09762900976290097 0.03068340306834031 0.026499302649930268 0.06834030683403068 0.10181311018131102 0.043235704323570434 0.1603905160390516 0.026499302649930268 0.05160390516039052 0.08507670850767085 0.07670850767085076 0.018131101813110184 0.06834030683403068 0.08926080892608089 
0.05498281786941581 0.0859106529209622 0.09621993127147767 0.09621993127147767 0.04467353951890035 0.07560137457044674 0.06529209621993128 0.03436426116838488 0.04467353951890035 0.10652920962199314 0.07560137457044674 0.05498281786941581 0.04467353951890035 0.05498281786941581 0.06529209621993128 
0.02988505747126437 0.036781609195402305 0.02988505747126437 0.05057471264367817 0.043678160919540236 0.036781609195402305 0.13333333333333333 0.08505747126436781 0.05057471264367817 0.043678160919540236 0.09195402298850575 0.06436781609195402 0.0574712643678161 0.20229885057471264 0.043678160919540236 
0.014789533560864621 0.04209328782707623 0.018202502844141072 0.05233219567690558 0.04209328782707623 0.031854379977246876 0.028441410693970423 0.014789533560864621 0.2025028441410694 0.1205915813424346 0.018202502844141072 0.23663253697383388 0.014789533560864621 0.07622298065984072 0.08646188850967007 
0.054869684499314134 0.1824417009602195 0.1083676268861454 0.026063100137174215 0.11659807956104253 0.03429355281207133 0.030178326474622773 0.042524005486968455 0.06310013717421126 0.030178326474622773 0.03429355281207133 0.19890260631001372 0.026063100137174215 0.017832647462277095 0.03429355281207133 
0.058712121212121215 0.024621212121212124 0.01893939393939394 0.10416666666666666 0.20643939393939395 0.047348484848484855 0.01893939393939394 0.024621212121212124 0.058712121212121215 0.024621212121212124 0.05303030303030303 0.17234848484848483 0.024621212121212124 0.06439393939393939 0.09848484848484848 
0.014789533560864621 0.038680318543799774 0.1683731513083049 0.055745164960182024 0.04550625711035267 0.02161547212741752 0.025028441410693974 0.07622298065984072 0.04209328782707623 0.4072810011376564 0.02161547212741752 0.02161547212741752 0.018202502844141072 0.018202502844141072 0.025028441410693974 
0.09649122807017545 0.07017543859649124 0.04385964912280702 0.057017543859649134 0.09649122807017545 0.08333333333333334 0.057017543859649134 0.04385964912280702 0.04385964912280702 0.07017543859649124 0.07017543859649124 0.07017543859649124 0.057017543859649134 0.04385964912280702 0.09649122807017545 
0.04761904761904762 0.13553113553113555 0.03663003663003663 0.0695970695970696 0.08058608058608059 0.03663003663003663 0.09157509157509158 0.03663003663003663 0.04761904761904762 0.08058608058608059 0.08058608058608059 0.03663003663003663 0.04761904761904762 0.12454212454212454 0.04761904761904762 
0.06782945736434108 0.06782945736434108 0.012596899224806203 0.2567829457364341 0.10271317829457365 0.05329457364341085 0.018410852713178296 0.01550387596899225 0.11143410852713179 0.027131782945736437 0.0881782945736434 0.044573643410852716 0.050387596899224806 0.02422480620155039 0.05910852713178294 
0.029868578255675033 0.022700119474313024 0.054958183990442055 0.015531660692951017 0.04420549581839905 0.01911589008363202 0.054958183990442055 0.4097968936678614 0.03345280764635603 0.16248506571087218 0.029868578255675033 0.026284348864994027 0.03345280764635603 0.029868578255675033 0.03345280764635603 
0.01346801346801347 0.061447811447811446 0.15993265993265993 0.02356902356902357 0.041245791245791245 0.05892255892255892 0.1877104377104377 0.02356902356902357 0.12205387205387205 0.038720538720538725 0.01851851851851852 0.01851851851851852 0.01851851851851852 0.14225589225589227 0.07154882154882154 
0.03718459495351926 0.23240371845949537 0.04913678618857902 0.025232403718459497 0.11288180610889774 0.06108897742363878 0.025232403718459497 0.021248339973439577 0.07304116865869853 0.03320053120849934 0.0849933598937583 0.12881806108897742 0.021248339973439577 0.06905710491367861 0.025232403718459497 
0.044289044289044295 0.11421911421911421 0.030303030303030307 0.05128205128205129 0.030303030303030307 0.044289044289044295 0.05827505827505828 0.18414918414918413 0.0372960372960373 0.023310023310023312 0.11421911421911421 0.10722610722610723 0.06526806526806528 0.05827505827505828 0.0372960372960373 
0.0499194847020934 0.07407407407407408 0.035426731078905 0.05958132045088567 0.15136876006441224 0.04508856682769727 0.016103059581320453 0.06924315619967794 0.025764895330112725 0.04508856682769727 0.035426731078905 0.15136876006441224 0.016103059581320453 0.0499194847020934 0.17552334943639292 
0.05234159779614325 0.044077134986225903 0.06060606060606061 0.03581267217630855 0.044077134986225903 0.10192837465564739 0.044077134986225903 0.12672176308539945 0.03581267217630855 0.044077134986225903 0.05234159779614325 0.044077134986225903 0.05234159779614325 0.09366391184573003 0.1680440771349862 
0.04336043360433605 0.059620596205962065 0.03523035230352304 0.04336043360433605 0.11653116531165313 0.17344173441734417 0.051490514905149054 0.02710027100271003 0.04336043360433605 0.02710027100271003 0.059620596205962065 0.08401084010840108 0.02710027100271003 0.10840108401084012 0.1002710027100271 
0.054421768707483 0.04421768707482994 0.034013605442176874 0.07482993197278912 0.054421768707483 0.1768707482993197 0.054421768707483 0.054421768707483 0.04421768707482994 0.04421768707482994 0.1054421768707483 0.04421768707482994 0.04421768707482994 0.11564625850340136 0.054421768707483 
0.028322440087145972 0.10675381263616557 0.04139433551198257 0.06753812636165578 0.06100217864923747 0.11982570806100216 0.034858387799564274 0.04793028322440088 0.04793028322440088 0.028322440087145972 0.10021786492374728 0.07407407407407408 0.054466230936819175 0.04793028322440088 0.13943355119825707 
0.06148867313915858 0.05177993527508091 0.03236245954692557 0.15857605177993525 0.07119741100323625 0.04207119741100324 0.05177993527508091 0.03236245954692557 0.05177993527508091 0.16828478964401294 0.11003236245954694 0.05177993527508091 0.05177993527508091 0.03236245954692557 0.03236245954692557 
0.12407407407407407 0.0962962962962963 0.03518518518518519 0.040740740740740744 0.24074074074074076 0.0462962962962963 0.029629629629629634 0.06296296296296297 0.040740740740740744 0.05185185185185186 0.0462962962962963 0.024074074074074078 0.024074074074074078 0.06296296296296297 0.07407407407407408 
0.04008438818565401 0.046413502109704644 0.04008438818565401 0.052742616033755275 0.09071729957805907 0.03375527426160338 0.027426160337552748 0.046413502109704644 0.03375527426160338 0.06540084388185655 0.1160337552742616 0.06540084388185655 0.04008438818565401 0.12236286919831223 0.17932489451476794 
0.025641025641025644 0.037786774628879895 0.037786774628879895 0.18758434547908234 0.1592442645074224 0.11066126855600539 0.04993252361673414 0.025641025641025644 0.025641025641025644 0.025641025641025644 0.037786774628879895 0.01754385964912281 0.05398110661268556 0.07017543859649122 0.1349527665317139 
0.038929440389294405 0.031630170316301706 0.1922141119221411 0.11192214111922141 0.07542579075425791 0.07542579075425791 0.024330900243309004 0.05352798053527981 0.05352798053527981 0.1192214111922141 0.031630170316301706 0.031630170316301706 0.024330900243309004 0.11192214111922141 0.024330900243309004 
0.07122507122507123 0.1396011396011396 0.07977207977207977 0.05413105413105414 0.06267806267806268 0.08831908831908833 0.03703703703703704 0.05413105413105414 0.06267806267806268 0.07122507122507123 0.09686609686609687 0.07122507122507123 0.02849002849002849 0.02849002849002849 0.05413105413105414 
0.022619047619047622 0.27619047619047615 0.10119047619047619 0.04404761904761905 0.06904761904761904 0.03333333333333333 0.03333333333333333 0.01904761904761905 0.04047619047619048 0.0619047619047619 0.11547619047619048 0.051190476190476196 0.03333333333333333 0.06547619047619047 0.03333333333333333 
0.07301587301587302 0.015873015873015872 0.10634920634920635 0.05396825396825397 0.06825396825396826 0.044444444444444446 0.030158730158730163 0.04920634920634921 0.03968253968253969 0.24444444444444446 0.020634920634920638 0.03968253968253969 0.030158730158730163 0.10158730158730159 0.08253968253968254 
0.046783625730994156 0.11695906432748539 0.08187134502923978 0.03801169590643275 0.05555555555555556 0.03801169590643275 0.14327485380116958 0.10818713450292398 0.029239766081871347 0.03801169590643275 0.05555555555555556 0.046783625730994156 0.05555555555555556 0.11695906432748539 0.029239766081871347 
0.05387205387205388 0.09427609427609428 0.1548821548821549 0.12457912457912458 0.06397306397306397 0.04377104377104378 0.05387205387205388 0.05387205387205388 0.03367003367003367 0.05387205387205388 0.03367003367003367 0.03367003367003367 0.06397306397306397 0.10437710437710439 0.03367003367003367 
0.05341880341880342 0.2136752136752137 0.03418803418803419 0.12393162393162392 0.05982905982905983 0.05982905982905983 0.05341880341880342 0.047008547008547015 0.03418803418803419 0.021367521367521368 0.05982905982905983 0.07905982905982907 0.0405982905982906 0.05341880341880342 0.06623931623931624 
0.025132275132275134 0.021164021164021166 0.34259259259259256 0.029100529100529102 0.052910052910052914 0.033068783068783074 0.05687830687830688 0.04100529100529101 0.033068783068783074 0.2195767195767196 0.08068783068783068 0.0171957671957672 0.013227513227513229 0.0171957671957672 0.0171957671957672 
0.04156674660271782 0.14948041566746603 0.02478017585931255 0.12549960031974422 0.15187849720223823 0.046362909672262184 0.046362909672262184 0.06794564348521183 0.02238209432454037 0.019984012789768187 0.16386890487609912 0.04396482813749 0.019984012789768187 0.02238209432454037 0.053557154276578735 
0.017361111111111112 0.14756944444444445 0.06944444444444445 0.03819444444444445 0.05381944444444445 0.017361111111111112 0.03819444444444445 0.03298611111111111 0.03298611111111111 0.19444444444444445 0.15277777777777776 0.06944444444444445 0.022569444444444448 0.07986111111111112 0.03298611111111111 
0.0753968253968254 0.08730158730158731 0.09920634920634921 0.03968253968253969 0.03968253968253969 0.0634920634920635 0.15873015873015875 0.05158730158730159 0.0634920634920635 0.05158730158730159 0.03968253968253969 0.08730158730158731 0.05158730158730159 0.05158730158730159 0.03968253968253969 
0.04253673627223511 0.13302397525135345 0.03789636504253673 0.07037896365042537 0.07037896365042537 0.01237432327919567 0.047177107501933484 0.03557617942768755 0.033255993812838364 0.2931167826759474 0.11214230471771075 0.028615622583139984 0.017014694508894045 0.04253673627223511 0.02397525135344161 
0.10606060606060606 0.04924242424242425 0.09469696969696971 0.060606060606060615 0.03787878787878788 0.14015151515151517 0.08333333333333334 0.03787878787878788 0.060606060606060615 0.04924242424242425 0.04924242424242425 0.04924242424242425 0.03787878787878788 0.060606060606060615 0.08333333333333334 
0.05271317829457365 0.14573643410852713 0.10387596899224806 0.03875968992248062 0.034108527131782945 0.01550387596899225 0.04806201550387597 0.057364341085271324 0.0248062015503876 0.27596899224806204 0.062015503875969 0.03875968992248062 0.029457364341085274 0.020155038759689926 0.05271317829457365 
0.10541310541310542 0.10541310541310542 0.08831908831908833 0.08831908831908833 0.07122507122507123 0.02849002849002849 0.02849002849002849 0.07122507122507123 0.045584045584045586 0.03703703703703704 0.07977207977207977 0.02849002849002849 0.045584045584045586 0.07122507122507123 0.10541310541310542 
0.043235704323570434 0.09344490934449093 0.03068340306834031 0.06834030683403068 0.14783821478382148 0.10181311018131102 0.026499302649930268 0.03068340306834031 0.07670850767085076 0.039051603905160395 0.10599721059972106 0.10599721059972106 0.01394700139470014 0.0808926080892608 0.03486750348675035 
0.16616616616616617 0.08208208208208208 0.04004004004004004 0.031031031031031032 0.10910910910910912 0.06106106106106106 0.01901901901901902 0.01901901901901902 0.07307307307307306 0.08808808808808809 0.07607607607607607 0.10610610610610612 0.02802802802802803 0.04004004004004004 0.06106106106106106 
0.024727992087042534 0.16716122650840753 0.012858555885262118 0.012858555885262118 0.036597428288822946 0.036597428288822946 0.1434223541048467 0.11968348170128586 0.04549950544015826 0.09000989119683481 0.039564787339268055 0.17606330365974285 0.012858555885262118 0.054401582591493566 0.02769535113748764 
0.02714440825190011 0.03691639522258415 0.0760043431053203 0.01737242128121607 0.05646036916395222 0.18675352877307275 0.20955483170466882 0.033659066232356136 0.030401737242128125 0.02714440825190011 0.02714440825190011 0.030401737242128125 0.020629750271444085 0.1672095548317047 0.05320304017372421 
0.028273809523809527 0.04166666666666667 0.028273809523809527 0.06845238095238096 0.050595238095238096 0.028273809523809527 0.22470238095238096 0.06845238095238096 0.055059523809523815 0.2425595238095238 0.03273809523809524 0.03720238095238095 0.0193452380952381 0.03720238095238095 0.03720238095238095 
0.03875968992248062 0.05038759689922481 0.03875968992248062 0.05038759689922481 0.05038759689922481 0.16666666666666669 0.03875968992248062 0.03875968992248062 0.03875968992248062 0.05038759689922481 0.062015503875969 0.07364341085271318 0.062015503875969 0.13178294573643412 0.10852713178294575 
0.13715277777777776 0.22569444444444445 0.05381944444444445 0.022569444444444448 0.03819444444444445 0.022569444444444448 0.03819444444444445 0.06944444444444445 0.022569444444444448 0.10069444444444443 0.04340277777777778 0.10590277777777778 0.02777777777777778 0.03819444444444445 0.05381944444444445 
0.061032863849765265 0.04694835680751174 0.04694835680751174 0.061032863849765265 0.061032863849765265 0.061032863849765265 0.07511737089201878 0.04694835680751174 0.061032863849765265 0.04694835680751174 0.07511737089201878 0.08920187793427231 0.061032863849765265 0.10328638497652583 0.10328638497652583 
0.08651399491094149 0.04071246819338423 0.033078880407124686 0.055979643765903316 0.04834605597964377 0.04071246819338423 0.07888040712468194 0.04071246819338423 0.025445292620865142 0.04071246819338423 0.24681933842239187 0.06361323155216285 0.033078880407124686 0.13994910941475827 0.025445292620865142 
0.04944178628389155 0.03987240829346093 0.03508771929824562 0.11164274322169059 0.2647527910685806 0.03508771929824562 0.08293460925039872 0.025518341307814996 0.025518341307814996 0.020733652312599684 0.08771929824561403 0.025518341307814996 0.059011164274322174 0.08293460925039872 0.05422647527910686 
0.07861635220125787 0.04088050314465409 0.04088050314465409 0.050314465408805034 0.031446540880503145 0.17295597484276728 0.050314465408805034 0.050314465408805034 0.050314465408805034 0.1069182389937107 0.04088050314465409 0.050314465408805034 0.031446540880503145 0.08805031446540881 0.11635220125786164 
0.1106060606060606 0.024242424242424246 0.0196969696969697 0.07878787878787878 0.07878787878787878 0.0696969696969697 0.03787878787878788 0.04242424242424243 0.03333333333333333 0.05151515151515152 0.29696969696969694 0.04242424242424243 0.02878787878787879 0.0696969696969697 0.015151515151515152 
0.20634920634920634 0.05158730158730159 0.05158730158730159 0.03968253968253969 0.03968253968253969 0.03968253968253969 0.03968253968253969 0.0634920634920635 0.05158730158730159 0.05158730158730159 0.14682539682539683 0.08730158730158731 0.03968253968253969 0.03968253968253969 0.05158730158730159 
0.054852320675105495 0.042194092827004225 0.054852320675105495 0.09282700421940929 0.06751054852320676 0.09282700421940929 0.042194092827004225 0.09282700421940929 0.054852320675105495 0.042194092827004225 0.054852320675105495 0.042194092827004225 0.09282700421940929 0.11814345991561183 0.054852320675105495 
0.06825396825396826 0.05396825396825397 0.03492063492063492 0.04920634920634921 0.04920634920634921 0.07777777777777778 0.015873015873015872 0.015873015873015872 0.07301587301587302 0.3111111111111111 0.0253968253968254 0.1111111111111111 0.015873015873015872 0.06349206349206349 0.03492063492063492 
0.04814814814814815 0.21203703703703702 0.03703703703703704 0.11203703703703705 0.05648148148148148 0.04814814814814815 0.03703703703703704 0.017592592592592594 0.04814814814814815 0.08981481481481482 0.07592592592592592 0.14814814814814817 0.017592592592592594 0.02314814814814815 0.028703703703703707 
0.03975535168195719 0.03975535168195719 0.0489296636085627 0.11314984709480123 0.09480122324159022 0.08562691131498472 0.03975535168195719 0.07645259938837921 0.06727828746177371 0.030581039755351685 0.03975535168195719 0.10397553516819573 0.0489296636085627 0.10397553516819573 0.06727828746177371 
0.051075268817204304 0.09946236559139786 0.043010752688172046 0.03494623655913979 0.051075268817204304 0.27688172043010756 0.08333333333333334 0.051075268817204304 0.03494623655913979 0.043010752688172046 0.026881720430107527 0.043010752688172046 0.05913978494623656 0.051075268817204304 0.051075268817204304 
0.04761904761904762 0.04761904761904762 0.022619047619047622 0.0619047619047619 0.05476190476190476 0.04047619047619048 0.09404761904761905 0.07261904761904761 0.07976190476190476 0.03333333333333333 0.14761904761904762 0.11547619047619048 0.011904761904761906 0.1261904761904762 0.04404761904761905 
0.01277139208173691 0.03575989782886335 0.12388250319284803 0.05491698595146871 0.02426564495530013 0.031928480204342274 0.016602809706257986 0.12005108556832694 0.06641123882503193 0.2503192848020434 0.07790549169859515 0.13537675606641125 0.016602809706257986 0.01277139208173691 0.020434227330779056 
0.029451137884872827 0.041499330655957165 0.041499330655957165 0.07764390896921017 0.04551539491298528 0.025435073627844716 0.03346720214190094 0.06559571619812583 0.05756358768406961 0.4109772423025435 0.0535475234270415 0.041499330655957165 0.013386880856760375 0.025435073627844716 0.03748326639892905 
0.07037037037037037 0.03703703703703704 0.0925925925925926 0.05925925925925927 0.048148148148148155 0.10370370370370371 0.03703703703703704 0.05925925925925927 0.048148148148148155 0.03703703703703704 0.13703703703703704 0.08148148148148149 0.048148148148148155 0.08148148148148149 0.05925925925925927 
0.06289308176100629 0.06289308176100629 0.06289308176100629 0.06289308176100629 0.06289308176100629 0.06289308176100629 0.08176100628930819 0.08176100628930819 0.06289308176100629 0.08176100628930819 0.06289308176100629 0.06289308176100629 0.06289308176100629 0.06289308176100629 0.06289308176100629 
0.022653721682847898 0.061488673139158574 0.12216828478964402 0.0517799352750809 0.015372168284789645 0.012944983818770227 0.06634304207119741 0.10275080906148867 0.20954692556634302 0.025080906148867314 0.05663430420711974 0.15372168284789645 0.015372168284789645 0.06634304207119741 0.01779935275080906 
0.06387225548902195 0.06087824351297405 0.33033932135728544 0.0249500998003992 0.03992015968063872 0.08183632734530938 0.06686626746506985 0.05189620758483034 0.0249500998003992 0.04291417165668663 0.030938123752495012 0.06387225548902195 0.012974051896207586 0.05489021956087824 0.04890219560878243 
0.04575163398692811 0.04575163398692811 0.06535947712418301 0.026143790849673207 0.03594771241830066 0.09477124183006536 0.05065359477124183 0.09967320261437908 0.05065359477124183 0.03594771241830066 0.03594771241830066 0.09967320261437908 0.1045751633986928 0.15359477124183005 0.05555555555555556 
0.08987485779294653 0.028441410693970423 0.055745164960182024 0.055745164960182024 0.4004550625711035 0.09328782707622298 0.02161547212741752 0.025028441410693974 0.03526734926052332 0.025028441410693974 0.06598407281001137 0.011376564277588168 0.025028441410693974 0.028441410693970423 0.038680318543799774 
0.050292397660818715 0.16257309941520467 0.022222222222222223 0.19415204678362574 0.09941520467836257 0.05380116959064328 0.050292397660818715 0.022222222222222223 0.015204678362573101 0.022222222222222223 0.1064327485380117 0.07485380116959064 0.022222222222222223 0.05380116959064328 0.050292397660818715 
0.05284552845528456 0.06504065040650407 0.05284552845528456 0.04065040650406504 0.05284552845528456 0.04065040650406504 0.13821138211382114 0.04065040650406504 0.05284552845528456 0.05284552845528456 0.05284552845528456 0.06504065040650407 0.05284552845528456 0.12601626016260165 0.11382113821138212 
0.04068241469816273 0.02887139107611549 0.017060367454068245 0.07611548556430446 0.17060367454068243 0.03280839895013123 0.12335958005249344 0.020997375328083993 0.06430446194225721 0.04068241469816273 0.14698162729658792 0.0958005249343832 0.020997375328083993 0.10367454068241469 0.017060367454068245 
0.11231884057971016 0.036231884057971016 0.04710144927536233 0.06884057971014493 0.07971014492753624 0.09057971014492754 0.05797101449275363 0.05797101449275363 0.036231884057971016 0.06884057971014493 0.06884057971014493 0.06884057971014493 0.036231884057971016 0.06884057971014493 0.10144927536231885 
0.028985507246376815 0.06702898550724638 0.08876811594202898 0.050724637681159424 0.05615942028985508 0.04528985507246377 0.034420289855072464 0.028985507246376815 0.09963768115942029 0.07789855072463768 0.09420289855072463 0.04528985507246377 0.04528985507246377 0.2028985507246377 0.034420289855072464 
0.02956989247311828 0.12231182795698924 0.11021505376344086 0.04166666666666667 0.04973118279569893 0.013440860215053764 0.017473118279569894 0.08602150537634408 0.15053763440860216 0.13037634408602153 0.04973118279569893 0.13440860215053765 0.017473118279569894 0.017473118279569894 0.02956989247311828 
0.05777777777777779 0.08444444444444445 0.05777777777777779 0.044444444444444446 0.05777777777777779 0.05777777777777779 0.05777777777777779 0.05777777777777779 0.044444444444444446 0.05777777777777779 0.11111111111111112 0.12444444444444445 0.044444444444444446 0.09777777777777778 0.044444444444444446 
0.08062015503875969 0.09922480620155039 0.06666666666666667 0.020155038759689926 0.20155038759689922 0.13643410852713178 0.034108527131782945 0.043410852713178294 0.08992248062015504 0.03875968992248062 0.029457364341085274 0.03875968992248062 0.029457364341085274 0.0248062015503876 0.06666666666666667 
0.04083570750237417 0.1234567901234568 0.01234567901234568 0.035137701804368475 0.09781576448243115 0.052231718898385564 0.01519468186134853 0.05508072174738841 0.03798670465337132 0.04083570750237417 0.07502374169040836 0.03798670465337132 0.01804368471035138 0.26305792972459635 0.0949667616334283 
0.020671834625323 0.03617571059431525 0.012919896640826874 0.12919896640826875 0.08656330749354005 0.04005167958656331 0.020671834625323 0.043927648578811374 0.16020671834625325 0.03229974160206719 0.2260981912144703 0.02454780361757106 0.03617571059431525 0.10594315245478035 0.02454780361757106 
0.18036529680365296 0.03652968036529681 0.04337899543378996 0.04337899543378996 0.04337899543378996 0.03652968036529681 0.022831050228310504 0.03652968036529681 0.04337899543378996 0.029680365296803658 0.1324200913242009 0.06392694063926942 0.022831050228310504 0.20776255707762556 0.05707762557077626 
0.0489296636085627 0.14067278287461774 0.10397553516819573 0.058103975535168204 0.0489296636085627 0.14984709480122324 0.06727828746177371 0.0489296636085627 0.030581039755351685 0.07645259938837921 0.0489296636085627 0.03975535168195719 0.030581039755351685 0.058103975535168204 0.0489296636085627 
0.17901234567901236 0.03827160493827161 0.02345679012345679 0.034567901234567905 0.08641975308641975 0.01975308641975309 0.04197530864197531 0.04197530864197531 0.027160493827160497 0.05308641975308642 0.2530864197530864 0.08641975308641975 0.01975308641975309 0.06790123456790123 0.027160493827160497 
0.029258098223615466 0.05747126436781609 0.04493207941483804 0.1233019853709509 0.13270637408568445 0.1013584117032393 0.02298850574712644 0.01671891327063741 0.03866248693834901 0.029258098223615466 0.06687565308254963 0.054336468129571575 0.035527690700104496 0.2173458725182863 0.029258098223615466 
0.054644808743169404 0.07103825136612023 0.07103825136612023 0.08743169398907105 0.054644808743169404 0.054644808743169404 0.054644808743169404 0.054644808743169404 0.08743169398907105 0.054644808743169404 0.07103825136612023 0.07103825136612023 0.054644808743169404 0.07103825136612023 0.08743169398907105 
0.03508771929824562 0.03508771929824562 0.06666666666666668 0.09824561403508772 0.0456140350877193 0.05614035087719299 0.07719298245614035 0.09824561403508772 0.08771929824561404 0.15087719298245614 0.03508771929824562 0.0456140350877193 0.03508771929824562 0.0456140350877193 0.08771929824561404 
0.06890130353817504 0.16945996275605213 0.029795158286778402 0.03538175046554935 0.0633147113594041 0.0521415270018622 0.10242085661080073 0.0186219739292365 0.03538175046554935 0.0409683426443203 0.02420856610800745 0.15828677839851024 0.03538175046554935 0.09683426443202979 0.06890130353817504 
0.03950617283950618 0.02469135802469136 0.04691358024691358 0.04691358024691358 0.11358024691358025 0.04691358024691358 0.07654320987654321 0.03950617283950618 0.14320987654320988 0.09135802469135802 0.06913580246913581 0.03950617283950618 0.04691358024691358 0.04691358024691358 0.12839506172839504 
0.04166666666666667 0.02666666666666667 0.02666666666666667 0.24166666666666667 0.03666666666666667 0.02166666666666667 0.04166666666666667 0.02166666666666667 0.05666666666666667 0.04666666666666667 0.12166666666666666 0.06166666666666667 0.06666666666666667 0.03666666666666667 0.15166666666666667 
0.12232415902140674 0.030581039755351685 0.030581039755351685 0.03975535168195719 0.058103975535168204 0.03975535168195719 0.08562691131498472 0.058103975535168204 0.13149847094801223 0.11314984709480123 0.058103975535168204 0.07645259938837921 0.03975535168195719 0.0489296636085627 0.06727828746177371 
0.11024643320363164 0.04798962386511025 0.01686121919584955 0.055771725032425425 0.1297016861219196 0.11802853437094682 0.13359273670557717 0.024643320363164724 0.040207522697795074 0.0324254215304799 0.03631647211413749 0.0324254215304799 0.020752269779507136 0.1219195849546044 0.07911802853437094 
0.09895833333333334 0.06770833333333334 0.08333333333333334 0.06770833333333334 0.052083333333333336 0.08333333333333334 0.08333333333333334 0.052083333333333336 0.052083333333333336 0.08333333333333334 0.06770833333333334 0.052083333333333336 0.052083333333333336 0.052083333333333336 0.052083333333333336 
0.051490514905149054 0.03523035230352304 0.12466124661246612 0.08401084010840108 0.059620596205962065 0.07588075880758809 0.03523035230352304 0.03523035230352304 0.07588075880758809 0.06775067750677508 0.051490514905149054 0.051490514905149054 0.03523035230352304 0.14092140921409213 0.07588075880758809 
0.10080183276059565 0.06987399770904926 0.018327605956471937 0.021764032073310426 0.08018327605956471 0.04581901489117984 0.0836197021764032 0.052691867124856816 0.018327605956471937 0.0561282932416953 0.021764032073310426 0.2004581901489118 0.018327605956471937 0.16609392898052694 0.04581901489117984 
